Scatterer_ocean
{
	Ocean
	{
		name = Vaska
		AMP = 1
		m_windSpeed = 10
		m_omega = 1
		m_gravity = 3.62969995
		maxWaveInteractionShipAltitude = 500
		m_whiteCapStr = 0.469999999
		shoreFoam = 1
		m_farWhiteCapStr = 0.469999999
		m_oceanUpwellingColor = 0.100000001,0.0199999996,0.00999999978
		m_UnderwaterColor = 0.800000012,0.200000003,0.100000001
		offScreenVertexStretch = 1.25
		alphaRadius = 1000
		transparencyDepth = 100
		darknessDepth = 10000
		refractionIndex = 1.33000004
		skyReflectionStrength = 0
		causticsTexturePath = scatterer/config/Planets/Caustics.png
		causticsLayer1Scale = 0.100000001,0.100000001
		causticsLayer1Speed = 0.112000003,-0.112000003
		causticsLayer2Scale = 0.57099998,0.567099988
		causticsLayer2Speed = -0.0748699978,0.174869999
		causticsMultiply = 1
		causticsUnderwaterLightBoost = 2
		causticsMinBrightness = 100000
		causticsBlurDepth = 1
		lightRaysStrength = 1
	}
}
